100 100
-6460 -6
279 -6
9364 -6
6329 -6
-6817 -6
4225 -6
-1491 -6
-1797 -6
994 -6
-1742 -6
-4777 -6
-1586 -6
2321 -6
7220 -6
1009 -6
-6419 -6
7748 -6
1898 -6
8833 -6
758 -6
-7304 -6
-6098 -6
-7689 -6
4966 -6
-7806 -6
4693 -6
-9197 -6
-9459 -6
2879 -6
-5328 -6
1704 -6
-3966 -6
8386 -6
-5236 -6
3821 -6
-8929 -6
-3475 -6
8883 -6
8973 -6
8282 -6
1305 -6
-163 -6
-5551 -6
-4717 -6
6257 -6
6235 -6
-293 -6
-4902 -6
-7972 -6
5000 -6
8931 -6
-9207 -6
288 -6
-4321 -6
1879 -6
871 -6
8378 -6
-201 -6
-7563 -6
197 -6
-1271 -6
4194 -6
-8171 -6
9982 -6
9214 -6
-6727 -6
-1524 -6
-1841 -6
-635 -6
-4949 -6
5481 -6
-1575 -6
-6263 -6
5908 -6
-7652 -6
-7269 -6
5974 -6
8142 -6
-9822 -6
5034 -6
7508 -6
2030 -6
-4157 -6
6795 -6
-9952 -6
-1439 -6
874 -6
-4855 -6
5509 -6
3460 -6
7602 -6
-6165 -6
-4563 -6
3024 -6
-445 -6
-8520 -6
-8758 -6
9699 -6
9076 -6
-7026 -6
-3791 -6
-7550 -6
3424 -6
-9764 -6
-7273 -6
3111 -6
-4678 -6
7425 -6
-7064 -6
-5407 -6
463 -6
-2495 -6
4933 -6
-7511 -6
-1857 -6
-7718 -6
2712 -6
6632 -6
7653 -6
6909 -6
6207 -6
4594 -6
1948 -6
-1098 -6
-264 -6
-638 -6
5483 -6
-4952 -6
3337 -6
9242 -6
2659 -6
-3497 -6
-8579 -6
3680 -6
3297 -6
1378 -6
-3427 -6
7166 -6
7560 -6
-1336 -6
-7492 -6
6279 -6
-9517 -6
-1451 -6
-2842 -6
-4376 -6
-6194 -6
-6018 -6
5462 -6
3382 -6
-7687 -6
3342 -6
-3252 -6
272 -6
-9646 -6
7911 -6
-4137 -6
7211 -6
1678 -6
4920 -6
5358 -6
-5077 -6
6258 -6
-1531 -6
9194 -6
-4456 -6
9260 -6
3478 -6
8536 -6
7858 -6
-5024 -6
802 -6
-4135 -6
1123 -6
1957 -6
445 -6
379 -6
3808 -6
304 -6
-6596 -6
-3343 -6
9026 -6
7041 -6
-3484 -6
2060 -6
-3284 -6
-5892 -6
1985 -6
-1050 -6
5610 -6
-2135 -6
-5615 -6
4976 -6
4142 -6
-1418 -6
9083 -6
5986 -6
8766 -6
3061 -6
1309 -6