100
0001001000100101011001101110001110001011111000110000110001000101010011011111101010011111001111101101
50
7 84 10
2 94 6
95 75 2
47 29 26
33 97 3
99 18 1
67 67 8
94 93 1
77 46 17
67 43 6
16 31 46
29 55 42
21 66 21
95 45 3
67 8 22
40 49 1
66 21 18
40 99 1
55 6 35
98 39 2
57 76 11
13 48 17
83 56 9
95 84 1
92 36 1
75 67 17
65 67 1
38 67 26
18 82 6
85 43 1
76 65 18
18 73 23
34 99 1
76 37 3
47 73 2
72 66 26
99 55 1
46 25 31
80 74 16
4 84 14
81 99 1
95 25 2
3 9 73
28 94 5
93 48 1
83 48 5
81 58 6
64 41 24
99 59 1
45 35 2