100 4950 1
2 1 1000
3 1 1000
3 2 1000
4 1 1000
4 2 1000
4 3 1000
5 1 1000
5 2 1000
5 3 1000
5 4 1000
6 1 1000
6 2 1000
6 3 1000
6 4 1000
6 5 1000
7 1 1000
7 2 1000
7 3 1000
7 4 1000
7 5 1000
7 6 1000
8 1 1000
8 2 1000
8 3 1000
8 4 1000
8 5 1000
8 6 1000
8 7 1000
9 1 1000
9 2 1000
9 3 1000
9 4 1000
9 5 1000
9 6 1000
9 7 1000
9 8 1000
10 1 1000
10 2 1000
10 3 1000
10 4 1000
10 5 1000
10 6 1000
10 7 1000
10 8 1000
10 9 1000
11 1 1000
11 2 1000
11 3 1000
11 4 1000
11 5 1000
11 6 1000
11 7 1000
11 8 1000
11 9 1000
11 10 1000
12 1 1000
12 2 1000
12 3 1000
12 4 1000
12 5 1000
12 6 1000
12 7 1000
12 8 1000
12 9 1000
12 10 1000
12 11 1000
13 1 1000
13 2 1000
13 3 1000
13 4 1000
13 5 1000
13 6 1000
13 7 1000
13 8 1000
13 9 1000
13 10 1000
13 11 1000
13 12 1000
14 1 1000
14 2 1000
14 3 1000
14 4 1000
14 5 1000
14 6 1000
14 7 1000
14 8 1000
14 9 1000
14 10 1000
14 11 1000
14 12 1000
14 13 1000
15 1 1000
15 2 1000
15 3 1000
15 4 1000
15 5 1000
15 6 1000
15 7 1000
15 8 1000
15 9 1000
15 10 1000
15 11 1000
15 12 1000
15 13 1000
15 14 1000
16 1 1000
16 2 1000
16 3 1000
16 4 1000
16 5 1000
16 6 1000
16 7 1000
16 8 1000
16 9 1000
16 10 1000
16 11 1000
16 12 1000
16 13 1000
16 14 1000
16 15 1000
17 1 1000
17 2 1000
17 3 1000
17 4 1000
17 5 1000
17 6 1000
17 7 1000
17 8 1000
17 9 1000
17 10 1000
17 11 1000
17 12 1000
17 13 1000
17 14 1000
17 15 1000
17 16 1000
18 1 1000
18 2 1000
18 3 1000
18 4 1000
18 5 1000
18 6 1000
18 7 1000
18 8 1000
18 9 1000
18 10 1000
18 11 1000
18 12 1000
18 13 1000
18 14 1000
18 15 1000
18 16 1000
18 17 1000
19 1 1000
19 2 1000
19 3 1000
19 4 1000
19 5 1000
19 6 1000
19 7 1000
19 8 1000
19 9 1000
19 10 1000
19 11 1000
19 12 1000
19 13 1000
19 14 1000
19 15 1000
19 16 1000
19 17 1000
19 18 1000
20 1 1000
20 2 1000
20 3 1000
20 4 1000
20 5 1000
20 6 1000
20 7 1000
20 8 1000
20 9 1000
20 10 1000
20 11 1000
20 12 1000
20 13 1000
20 14 1000
20 15 1000
20 16 1000
20 17 1000
20 18 1000
20 19 1000
21 1 1000
21 2 1000
21 3 1000
21 4 1000
21 5 1000
21 6 1000
21 7 1000
21 8 1000
21 9 1000
21 10 1000
21 11 1000
21 12 1000
21 13 1000
21 14 1000
21 15 1000
21 16 1000
21 17 1000
21 18 1000
21 19 1000
21 20 1000
22 1 1000
22 2 1000
22 3 1000
22 4 1000
22 5 1000
22 6 1000
22 7 1000
22 8 1000
22 9 1000
22 10 1000
22 11 1000
22 12 1000
22 13 1000
22 14 1000
22 15 1000
22 16 1000
22 17 1000
22 18 1000
22 19 1000
22 20 1000
22 21 1000
23 1 1000
23 2 1000
23 3 1000
23 4 1000
23 5 1000
23 6 1000
23 7 1000
23 8 1000
23 9 1000
23 10 1000
23 11 1000
23 12 1000
23 13 1000
23 14 1000
23 15 1000
23 16 1000
23 17 1000
23 18 1000
23 19 1000
23 20 1000
23 21 1000
23 22 1000
24 1 1000
24 2 1000
24 3 1000
24 4 1000
24 5 1000
24 6 1000
24 7 1000
24 8 1000
24 9 1000
24 10 1000
24 11 1000
24 12 1000
24 13 1000
24 14 1000
24 15 1000
24 16 1000
24 17 1000
24 18 1000
24 19 1000
24 20 1000
24 21 1000
24 22 1000
24 23 1000
25 1 1000
25 2 1000
25 3 1000
25 4 1000
25 5 1000
25 6 1000
25 7 1000
25 8 1000
25 9 1000
25 10 1000
25 11 1000
25 12 1000
25 13 1000
25 14 1000
25 15 1000
25 16 1000
25 17 1000
25 18 1000
25 19 1000
25 20 1000
25 21 1000
25 22 1000
25 23 1000
25 24 1000
26 1 1000
26 2 1000
26 3 1000
26 4 1000
26 5 1000
26 6 1000
26 7 1000
26 8 1000
26 9 1000
26 10 1000
26 11 1000
26 12 1000
26 13 1000
26 14 1000
26 15 1000
26 16 1000
26 17 1000
26 18 1000
26 19 1000
26 20 1000
26 21 1000
26 22 1000
26 23 1000
26 24 1000
26 25 1000
27 1 1000
27 2 1000
27 3 1000
27 4 1000
27 5 1000
27 6 1000
27 7 1000
27 8 1000
27 9 1000
27 10 1000
27 11 1000
27 12 1000
27 13 1000
27 14 1000
27 15 1000
27 16 1000
27 17 1000
27 18 1000
27 19 1000
27 20 1000
27 21 1000
27 22 1000
27 23 1000
27 24 1000
27 25 1000
27 26 1000
28 1 1000
28 2 1000
28 3 1000
28 4 1000
28 5 1000
28 6 1000
28 7 1000
28 8 1000
28 9 1000
28 10 1000
28 11 1000
28 12 1000
28 13 1000
28 14 1000
28 15 1000
28 16 1000
28 17 1000
28 18 1000
28 19 1000
28 20 1000
28 21 1000
28 22 1000
28 23 1000
28 24 1000
28 25 1000
28 26 1000
28 27 1000
29 1 1000
29 2 1000
29 3 1000
29 4 1000
29 5 1000
29 6 1000
29 7 1000
29 8 1000
29 9 1000
29 10 1000
29 11 1000
29 12 1000
29 13 1000
29 14 1000
29 15 1000
29 16 1000
29 17 1000
29 18 1000
29 19 1000
29 20 1000
29 21 1000
29 22 1000
29 23 1000
29 24 1000
29 25 1000
29 26 1000
29 27 1000
29 28 1000
30 1 1000
30 2 1000
30 3 1000
30 4 1000
30 5 1000
30 6 1000
30 7 1000
30 8 1000
30 9 1000
30 10 1000
30 11 1000
30 12 1000
30 13 1000
30 14 1000
30 15 1000
30 16 1000
30 17 1000
30 18 1000
30 19 1000
30 20 1000
30 21 1000
30 22 1000
30 23 1000
30 24 1000
30 25 1000
30 26 1000
30 27 1000
30 28 1000
30 29 1000
31 1 1000
31 2 1000
31 3 1000
31 4 1000
31 5 1000
31 6 1000
31 7 1000
31 8 1000
31 9 1000
31 10 1000
31 11 1000
31 12 1000
31 13 1000
31 14 1000
31 15 1000
31 16 1000
31 17 1000
31 18 1000
31 19 1000
31 20 1000
31 21 1000
31 22 1000
31 23 1000
31 24 1000
31 25 1000
31 26 1000
31 27 1000
31 28 1000
31 29 1000
31 30 1000
32 1 1000
32 2 1000
32 3 1000
32 4 1000
32 5 1000
32 6 1000
32 7 1000
32 8 1000
32 9 1000
32 10 1000
32 11 1000
32 12 1000
32 13 1000
32 14 1000
32 15 1000
32 16 1000
32 17 1000
32 18 1000
32 19 1000
32 20 1000
32 21 1000
32 22 1000
32 23 1000
32 24 1000
32 25 1000
32 26 1000
32 27 1000
32 28 1000
32 29 1000
32 30 1000
32 31 1000
33 1 1000
33 2 1000
33 3 1000
33 4 1000
33 5 1000
33 6 1000
33 7 1000
33 8 1000
33 9 1000
33 10 1000
33 11 1000
33 12 1000
33 13 1000
33 14 1000
33 15 1000
33 16 1000
33 17 1000
33 18 1000
33 19 1000
33 20 1000
33 21 1000
33 22 1000
33 23 1000
33 24 1000
33 25 1000
33 26 1000
33 27 1000
33 28 1000
33 29 1000
33 30 1000
33 31 1000
33 32 1000
34 1 1000
34 2 1000
34 3 1000
34 4 1000
34 5 1000
34 6 1000
34 7 1000
34 8 1000
34 9 1000
34 10 1000
34 11 1000
34 12 1000
34 13 1000
34 14 1000
34 15 1000
34 16 1000
34 17 1000
34 18 1000
34 19 1000
34 20 1000
34 21 1000
34 22 1000
34 23 1000
34 24 1000
34 25 1000
34 26 1000
34 27 1000
34 28 1000
34 29 1000
34 30 1000
34 31 1000
34 32 1000
34 33 1000
35 1 1000
35 2 1000
35 3 1000
35 4 1000
35 5 1000
35 6 1000
35 7 1000
35 8 1000
35 9 1000
35 10 1000
35 11 1000
35 12 1000
35 13 1000
35 14 1000
35 15 1000
35 16 1000
35 17 1000
35 18 1000
35 19 1000
35 20 1000
35 21 1000
35 22 1000
35 23 1000
35 24 1000
35 25 1000
35 26 1000
35 27 1000
35 28 1000
35 29 1000
35 30 1000
35 31 1000
35 32 1000
35 33 1000
35 34 1000
36 1 1000
36 2 1000
36 3 1000
36 4 1000
36 5 1000
36 6 1000
36 7 1000
36 8 1000
36 9 1000
36 10 1000
36 11 1000
36 12 1000
36 13 1000
36 14 1000
36 15 1000
36 16 1000
36 17 1000
36 18 1000
36 19 1000
36 20 1000
36 21 1000
36 22 1000
36 23 1000
36 24 1000
36 25 1000
36 26 1000
36 27 1000
36 28 1000
36 29 1000
36 30 1000
36 31 1000
36 32 1000
36 33 1000
36 34 1000
36 35 1000
37 1 1000
37 2 1000
37 3 1000
37 4 1000
37 5 1000
37 6 1000
37 7 1000
37 8 1000
37 9 1000
37 10 1000
37 11 1000
37 12 1000
37 13 1000
37 14 1000
37 15 1000
37 16 1000
37 17 1000
37 18 1000
37 19 1000
37 20 1000
37 21 1000
37 22 1000
37 23 1000
37 24 1000
37 25 1000
37 26 1000
37 27 1000
37 28 1000
37 29 1000
37 30 1000
37 31 1000
37 32 1000
37 33 1000
37 34 1000
37 35 1000
37 36 1000
38 1 1000
38 2 1000
38 3 1000
38 4 1000
38 5 1000
38 6 1000
38 7 1000
38 8 1000
38 9 1000
38 10 1000
38 11 1000
38 12 1000
38 13 1000
38 14 1000
38 15 1000
38 16 1000
38 17 1000
38 18 1000
38 19 1000
38 20 1000
38 21 1000
38 22 1000
38 23 1000
38 24 1000
38 25 1000
38 26 1000
38 27 1000
38 28 1000
38 29 1000
38 30 1000
38 31 1000
38 32 1000
38 33 1000
38 34 1000
38 35 1000
38 36 1000
38 37 1000
39 1 1000
39 2 1000
39 3 1000
39 4 1000
39 5 1000
39 6 1000
39 7 1000
39 8 1000
39 9 1000
39 10 1000
39 11 1000
39 12 1000
39 13 1000
39 14 1000
39 15 1000
39 16 1000
39 17 1000
39 18 1000
39 19 1000
39 20 1000
39 21 1000
39 22 1000
39 23 1000
39 24 1000
39 25 1000
39 26 1000
39 27 1000
39 28 1000
39 29 1000
39 30 1000
39 31 1000
39 32 1000
39 33 1000
39 34 1000
39 35 1000
39 36 1000
39 37 1000
39 38 1000
40 1 1000
40 2 1000
40 3 1000
40 4 1000
40 5 1000
40 6 1000
40 7 1000
40 8 1000
40 9 1000
40 10 1000
40 11 1000
40 12 1000
40 13 1000
40 14 1000
40 15 1000
40 16 1000
40 17 1000
40 18 1000
40 19 1000
40 20 1000
40 21 1000
40 22 1000
40 23 1000
40 24 1000
40 25 1000
40 26 1000
40 27 1000
40 28 1000
40 29 1000
40 30 1000
40 31 1000
40 32 1000
40 33 1000
40 34 1000
40 35 1000
40 36 1000
40 37 1000
40 38 1000
40 39 1000
41 1 1000
41 2 1000
41 3 1000
41 4 1000
41 5 1000
41 6 1000
41 7 1000
41 8 1000
41 9 1000
41 10 1000
41 11 1000
41 12 1000
41 13 1000
41 14 1000
41 15 1000
41 16 1000
41 17 1000
41 18 1000
41 19 1000
41 20 1000
41 21 1000
41 22 1000
41 23 1000
41 24 1000
41 25 1000
41 26 1000
41 27 1000
41 28 1000
41 29 1000
41 30 1000
41 31 1000
41 32 1000
41 33 1000
41 34 1000
41 35 1000
41 36 1000
41 37 1000
41 38 1000
41 39 1000
41 40 1000
42 1 1000
42 2 1000
42 3 1000
42 4 1000
42 5 1000
42 6 1000
42 7 1000
42 8 1000
42 9 1000
42 10 1000
42 11 1000
42 12 1000
42 13 1000
42 14 1000
42 15 1000
42 16 1000
42 17 1000
42 18 1000
42 19 1000
42 20 1000
42 21 1000
42 22 1000
42 23 1000
42 24 1000
42 25 1000
42 26 1000
42 27 1000
42 28 1000
42 29 1000
42 30 1000
42 31 1000
42 32 1000
42 33 1000
42 34 1000
42 35 1000
42 36 1000
42 37 1000
42 38 1000
42 39 1000
42 40 1000
42 41 1000
43 1 1000
43 2 1000
43 3 1000
43 4 1000
43 5 1000
43 6 1000
43 7 1000
43 8 1000
43 9 1000
43 10 1000
43 11 1000
43 12 1000
43 13 1000
43 14 1000
43 15 1000
43 16 1000
43 17 1000
43 18 1000
43 19 1000
43 20 1000
43 21 1000
43 22 1000
43 23 1000
43 24 1000
43 25 1000
43 26 1000
43 27 1000
43 28 1000
43 29 1000
43 30 1000
43 31 1000
43 32 1000
43 33 1000
43 34 1000
43 35 1000
43 36 1000
43 37 1000
43 38 1000
43 39 1000
43 40 1000
43 41 1000
43 42 1000
44 1 1000
44 2 1000
44 3 1000
44 4 1000
44 5 1000
44 6 1000
44 7 1000
44 8 1000
44 9 1000
44 10 1000
44 11 1000
44 12 1000
44 13 1000
44 14 1000
44 15 1000
44 16 1000
44 17 1000
44 18 1000
44 19 1000
44 20 1000
44 21 1000
44 22 1000
44 23 1000
44 24 1000
44 25 1000
44 26 1000
44 27 1000
44 28 1000
44 29 1000
44 30 1000
44 31 1000
44 32 1000
44 33 1000
44 34 1000
44 35 1000
44 36 1000
44 37 1000
44 38 1000
44 39 1000
44 40 1000
44 41 1000
44 42 1000
44 43 1000
45 1 1000
45 2 1000
45 3 1000
45 4 1000
45 5 1000
45 6 1000
45 7 1000
45 8 1000
45 9 1000
45 10 1000
45 11 1000
45 12 1000
45 13 1000
45 14 1000
45 15 1000
45 16 1000
45 17 1000
45 18 1000
45 19 1000
45 20 1000
45 21 1000
45 22 1000
45 23 1000
45 24 1000
45 25 1000
45 26 1000
45 27 1000
45 28 1000
45 29 1000
45 30 1000
45 31 1000
45 32 1000
45 33 1000
45 34 1000
45 35 1000
45 36 1000
45 37 1000
45 38 1000
45 39 1000
45 40 1000
45 41 1000
45 42 1000
45 43 1000
45 44 1000
46 1 1000
46 2 1000
46 3 1000
46 4 1000
46 5 1000
46 6 1000
46 7 1000
46 8 1000
46 9 1000
46 10 1000
46 11 1000
46 12 1000
46 13 1000
46 14 1000
46 15 1000
46 16 1000
46 17 1000
46 18 1000
46 19 1000
46 20 1000
46 21 1000
46 22 1000
46 23 1000
46 24 1000
46 25 1000
46 26 1000
46 27 1000
46 28 1000
46 29 1000
46 30 1000
46 31 1000
46 32 1000
46 33 1000
46 34 1000
46 35 1000
46 36 1000
46 37 1000
46 38 1000
46 39 1000
46 40 1000
46 41 1000
46 42 1000
46 43 1000
46 44 1000
46 45 1000
47 1 1000
47 2 1000
47 3 1000
47 4 1000
47 5 1000
47 6 1000
47 7 1000
47 8 1000
47 9 1000
47 10 1000
47 11 1000
47 12 1000
47 13 1000
47 14 1000
47 15 1000
47 16 1000
47 17 1000
47 18 1000
47 19 1000
47 20 1000
47 21 1000
47 22 1000
47 23 1000
47 24 1000
47 25 1000
47 26 1000
47 27 1000
47 28 1000
47 29 1000
47 30 1000
47 31 1000
47 32 1000
47 33 1000
47 34 1000
47 35 1000
47 36 1000
47 37 1000
47 38 1000
47 39 1000
47 40 1000
47 41 1000
47 42 1000
47 43 1000
47 44 1000
47 45 1000
47 46 1000
48 1 1000
48 2 1000
48 3 1000
48 4 1000
48 5 1000
48 6 1000
48 7 1000
48 8 1000
48 9 1000
48 10 1000
48 11 1000
48 12 1000
48 13 1000
48 14 1000
48 15 1000
48 16 1000
48 17 1000
48 18 1000
48 19 1000
48 20 1000
48 21 1000
48 22 1000
48 23 1000
48 24 1000
48 25 1000
48 26 1000
48 27 1000
48 28 1000
48 29 1000
48 30 1000
48 31 1000
48 32 1000
48 33 1000
48 34 1000
48 35 1000
48 36 1000
48 37 1000
48 38 1000
48 39 1000
48 40 1000
48 41 1000
48 42 1000
48 43 1000
48 44 1000
48 45 1000
48 46 1000
48 47 1000
49 1 1000
49 2 1000
49 3 1000
49 4 1000
49 5 1000
49 6 1000
49 7 1000
49 8 1000
49 9 1000
49 10 1000
49 11 1000
49 12 1000
49 13 1000
49 14 1000
49 15 1000
49 16 1000
49 17 1000
49 18 1000
49 19 1000
49 20 1000
49 21 1000
49 22 1000
49 23 1000
49 24 1000
49 25 1000
49 26 1000
49 27 1000
49 28 1000
49 29 1000
49 30 1000
49 31 1000
49 32 1000
49 33 1000
49 34 1000
49 35 1000
49 36 1000
49 37 1000
49 38 1000
49 39 1000
49 40 1000
49 41 1000
49 42 1000
49 43 1000
49 44 1000
49 45 1000
49 46 1000
49 47 1000
49 48 1000
50 1 1000
50 2 1000
50 3 1000
50 4 1000
50 5 1000
50 6 1000
50 7 1000
50 8 1000
50 9 1000
50 10 1000
50 11 1000
50 12 1000
50 13 1000
50 14 1000
50 15 1000
50 16 1000
50 17 1000
50 18 1000
50 19 1000
50 20 1000
50 21 1000
50 22 1000
50 23 1000
50 24 1000
50 25 1000
50 26 1000
50 27 1000
50 28 1000
50 29 1000
50 30 1000
50 31 1000
50 32 1000
50 33 1000
50 34 1000
50 35 1000
50 36 1000
50 37 1000
50 38 1000
50 39 1000
50 40 1000
50 41 1000
50 42 1000
50 43 1000
50 44 1000
50 45 1000
50 46 1000
50 47 1000
50 48 1000
50 49 1000
51 1 1000
51 2 1000
51 3 1000
51 4 1000
51 5 1000
51 6 1000
51 7 1000
51 8 1000
51 9 1000
51 10 1000
51 11 1000
51 12 1000
51 13 1000
51 14 1000
51 15 1000
51 16 1000
51 17 1000
51 18 1000
51 19 1000
51 20 1000
51 21 1000
51 22 1000
51 23 1000
51 24 1000
51 25 1000
51 26 1000
51 27 1000
51 28 1000
51 29 1000
51 30 1000
51 31 1000
51 32 1000
51 33 1000
51 34 1000
51 35 1000
51 36 1000
51 37 1000
51 38 1000
51 39 1000
51 40 1000
51 41 1000
51 42 1000
51 43 1000
51 44 1000
51 45 1000
51 46 1000
51 47 1000
51 48 1000
51 49 1000
51 50 1000
52 1 1000
52 2 1000
52 3 1000
52 4 1000
52 5 1000
52 6 1000
52 7 1000
52 8 1000
52 9 1000
52 10 1000
52 11 1000
52 12 1000
52 13 1000
52 14 1000
52 15 1000
52 16 1000
52 17 1000
52 18 1000
52 19 1000
52 20 1000
52 21 1000
52 22 1000
52 23 1000
52 24 1000
52 25 1000
52 26 1000
52 27 1000
52 28 1000
52 29 1000
52 30 1000
52 31 1000
52 32 1000
52 33 1000
52 34 1000
52 35 1000
52 36 1000
52 37 1000
52 38 1000
52 39 1000
52 40 1000
52 41 1000
52 42 1000
52 43 1000
52 44 1000
52 45 1000
52 46 1000
52 47 1000
52 48 1000
52 49 1000
52 50 1000
52 51 1000
53 1 1000
53 2 1000
53 3 1000
53 4 1000
53 5 1000
53 6 1000
53 7 1000
53 8 1000
53 9 1000
53 10 1000
53 11 1000
53 12 1000
53 13 1000
53 14 1000
53 15 1000
53 16 1000
53 17 1000
53 18 1000
53 19 1000
53 20 1000
53 21 1000
53 22 1000
53 23 1000
53 24 1000
53 25 1000
53 26 1000
53 27 1000
53 28 1000
53 29 1000
53 30 1000
53 31 1000
53 32 1000
53 33 1000
53 34 1000
53 35 1000
53 36 1000
53 37 1000
53 38 1000
53 39 1000
53 40 1000
53 41 1000
53 42 1000
53 43 1000
53 44 1000
53 45 1000
53 46 1000
53 47 1000
53 48 1000
53 49 1000
53 50 1000
53 51 1000
53 52 1000
54 1 1000
54 2 1000
54 3 1000
54 4 1000
54 5 1000
54 6 1000
54 7 1000
54 8 1000
54 9 1000
54 10 1000
54 11 1000
54 12 1000
54 13 1000
54 14 1000
54 15 1000
54 16 1000
54 17 1000
54 18 1000
54 19 1000
54 20 1000
54 21 1000
54 22 1000
54 23 1000
54 24 1000
54 25 1000
54 26 1000
54 27 1000
54 28 1000
54 29 1000
54 30 1000
54 31 1000
54 32 1000
54 33 1000
54 34 1000
54 35 1000
54 36 1000
54 37 1000
54 38 1000
54 39 1000
54 40 1000
54 41 1000
54 42 1000
54 43 1000
54 44 1000
54 45 1000
54 46 1000
54 47 1000
54 48 1000
54 49 1000
54 50 1000
54 51 1000
54 52 1000
54 53 1000
55 1 1000
55 2 1000
55 3 1000
55 4 1000
55 5 1000
55 6 1000
55 7 1000
55 8 1000
55 9 1000
55 10 1000
55 11 1000
55 12 1000
55 13 1000
55 14 1000
55 15 1000
55 16 1000
55 17 1000
55 18 1000
55 19 1000
55 20 1000
55 21 1000
55 22 1000
55 23 1000
55 24 1000
55 25 1000
55 26 1000
55 27 1000
55 28 1000
55 29 1000
55 30 1000
55 31 1000
55 32 1000
55 33 1000
55 34 1000
55 35 1000
55 36 1000
55 37 1000
55 38 1000
55 39 1000
55 40 1000
55 41 1000
55 42 1000
55 43 1000
55 44 1000
55 45 1000
55 46 1000
55 47 1000
55 48 1000
55 49 1000
55 50 1000
55 51 1000
55 52 1000
55 53 1000
55 54 1000
56 1 1000
56 2 1000
56 3 1000
56 4 1000
56 5 1000
56 6 1000
56 7 1000
56 8 1000
56 9 1000
56 10 1000
56 11 1000
56 12 1000
56 13 1000
56 14 1000
56 15 1000
56 16 1000
56 17 1000
56 18 1000
56 19 1000
56 20 1000
56 21 1000
56 22 1000
56 23 1000
56 24 1000
56 25 1000
56 26 1000
56 27 1000
56 28 1000
56 29 1000
56 30 1000
56 31 1000
56 32 1000
56 33 1000
56 34 1000
56 35 1000
56 36 1000
56 37 1000
56 38 1000
56 39 1000
56 40 1000
56 41 1000
56 42 1000
56 43 1000
56 44 1000
56 45 1000
56 46 1000
56 47 1000
56 48 1000
56 49 1000
56 50 1000
56 51 1000
56 52 1000
56 53 1000
56 54 1000
56 55 1000
57 1 1000
57 2 1000
57 3 1000
57 4 1000
57 5 1000
57 6 1000
57 7 1000
57 8 1000
57 9 1000
57 10 1000
57 11 1000
57 12 1000
57 13 1000
57 14 1000
57 15 1000
57 16 1000
57 17 1000
57 18 1000
57 19 1000
57 20 1000
57 21 1000
57 22 1000
57 23 1000
57 24 1000
57 25 1000
57 26 1000
57 27 1000
57 28 1000
57 29 1000
57 30 1000
57 31 1000
57 32 1000
57 33 1000
57 34 1000
57 35 1000
57 36 1000
57 37 1000
57 38 1000
57 39 1000
57 40 1000
57 41 1000
57 42 1000
57 43 1000
57 44 1000
57 45 1000
57 46 1000
57 47 1000
57 48 1000
57 49 1000
57 50 1000
57 51 1000
57 52 1000
57 53 1000
57 54 1000
57 55 1000
57 56 1000
58 1 1000
58 2 1000
58 3 1000
58 4 1000
58 5 1000
58 6 1000
58 7 1000
58 8 1000
58 9 1000
58 10 1000
58 11 1000
58 12 1000
58 13 1000
58 14 1000
58 15 1000
58 16 1000
58 17 1000
58 18 1000
58 19 1000
58 20 1000
58 21 1000
58 22 1000
58 23 1000
58 24 1000
58 25 1000
58 26 1000
58 27 1000
58 28 1000
58 29 1000
58 30 1000
58 31 1000
58 32 1000
58 33 1000
58 34 1000
58 35 1000
58 36 1000
58 37 1000
58 38 1000
58 39 1000
58 40 1000
58 41 1000
58 42 1000
58 43 1000
58 44 1000
58 45 1000
58 46 1000
58 47 1000
58 48 1000
58 49 1000
58 50 1000
58 51 1000
58 52 1000
58 53 1000
58 54 1000
58 55 1000
58 56 1000
58 57 1000
59 1 1000
59 2 1000
59 3 1000
59 4 1000
59 5 1000
59 6 1000
59 7 1000
59 8 1000
59 9 1000
59 10 1000
59 11 1000
59 12 1000
59 13 1000
59 14 1000
59 15 1000
59 16 1000
59 17 1000
59 18 1000
59 19 1000
59 20 1000
59 21 1000
59 22 1000
59 23 1000
59 24 1000
59 25 1000
59 26 1000
59 27 1000
59 28 1000
59 29 1000
59 30 1000
59 31 1000
59 32 1000
59 33 1000
59 34 1000
59 35 1000
59 36 1000
59 37 1000
59 38 1000
59 39 1000
59 40 1000
59 41 1000
59 42 1000
59 43 1000
59 44 1000
59 45 1000
59 46 1000
59 47 1000
59 48 1000
59 49 1000
59 50 1000
59 51 1000
59 52 1000
59 53 1000
59 54 1000
59 55 1000
59 56 1000
59 57 1000
59 58 1000
60 1 1000
60 2 1000
60 3 1000
60 4 1000
60 5 1000
60 6 1000
60 7 1000
60 8 1000
60 9 1000
60 10 1000
60 11 1000
60 12 1000
60 13 1000
60 14 1000
60 15 1000
60 16 1000
60 17 1000
60 18 1000
60 19 1000
60 20 1000
60 21 1000
60 22 1000
60 23 1000
60 24 1000
60 25 1000
60 26 1000
60 27 1000
60 28 1000
60 29 1000
60 30 1000
60 31 1000
60 32 1000
60 33 1000
60 34 1000
60 35 1000
60 36 1000
60 37 1000
60 38 1000
60 39 1000
60 40 1000
60 41 1000
60 42 1000
60 43 1000
60 44 1000
60 45 1000
60 46 1000
60 47 1000
60 48 1000
60 49 1000
60 50 1000
60 51 1000
60 52 1000
60 53 1000
60 54 1000
60 55 1000
60 56 1000
60 57 1000
60 58 1000
60 59 1000
61 1 1000
61 2 1000
61 3 1000
61 4 1000
61 5 1000
61 6 1000
61 7 1000
61 8 1000
61 9 1000
61 10 1000
61 11 1000
61 12 1000
61 13 1000
61 14 1000
61 15 1000
61 16 1000
61 17 1000
61 18 1000
61 19 1000
61 20 1000
61 21 1000
61 22 1000
61 23 1000
61 24 1000
61 25 1000
61 26 1000
61 27 1000
61 28 1000
61 29 1000
61 30 1000
61 31 1000
61 32 1000
61 33 1000
61 34 1000
61 35 1000
61 36 1000
61 37 1000
61 38 1000
61 39 1000
61 40 1000
61 41 1000
61 42 1000
61 43 1000
61 44 1000
61 45 1000
61 46 1000
61 47 1000
61 48 1000
61 49 1000
61 50 1000
61 51 1000
61 52 1000
61 53 1000
61 54 1000
61 55 1000
61 56 1000
61 57 1000
61 58 1000
61 59 1000
61 60 1000
62 1 1000
62 2 1000
62 3 1000
62 4 1000
62 5 1000
62 6 1000
62 7 1000
62 8 1000
62 9 1000
62 10 1000
62 11 1000
62 12 1000
62 13 1000
62 14 1000
62 15 1000
62 16 1000
62 17 1000
62 18 1000
62 19 1000
62 20 1000
62 21 1000
62 22 1000
62 23 1000
62 24 1000
62 25 1000
62 26 1000
62 27 1000
62 28 1000
62 29 1000
62 30 1000
62 31 1000
62 32 1000
62 33 1000
62 34 1000
62 35 1000
62 36 1000
62 37 1000
62 38 1000
62 39 1000
62 40 1000
62 41 1000
62 42 1000
62 43 1000
62 44 1000
62 45 1000
62 46 1000
62 47 1000
62 48 1000
62 49 1000
62 50 1000
62 51 1000
62 52 1000
62 53 1000
62 54 1000
62 55 1000
62 56 1000
62 57 1000
62 58 1000
62 59 1000
62 60 1000
62 61 1000
63 1 1000
63 2 1000
63 3 1000
63 4 1000
63 5 1000
63 6 1000
63 7 1000
63 8 1000
63 9 1000
63 10 1000
63 11 1000
63 12 1000
63 13 1000
63 14 1000
63 15 1000
63 16 1000
63 17 1000
63 18 1000
63 19 1000
63 20 1000
63 21 1000
63 22 1000
63 23 1000
63 24 1000
63 25 1000
63 26 1000
63 27 1000
63 28 1000
63 29 1000
63 30 1000
63 31 1000
63 32 1000
63 33 1000
63 34 1000
63 35 1000
63 36 1000
63 37 1000
63 38 1000
63 39 1000
63 40 1000
63 41 1000
63 42 1000
63 43 1000
63 44 1000
63 45 1000
63 46 1000
63 47 1000
63 48 1000
63 49 1000
63 50 1000
63 51 1000
63 52 1000
63 53 1000
63 54 1000
63 55 1000
63 56 1000
63 57 1000
63 58 1000
63 59 1000
63 60 1000
63 61 1000
63 62 1000
64 1 1000
64 2 1000
64 3 1000
64 4 1000
64 5 1000
64 6 1000
64 7 1000
64 8 1000
64 9 1000
64 10 1000
64 11 1000
64 12 1000
64 13 1000
64 14 1000
64 15 1000
64 16 1000
64 17 1000
64 18 1000
64 19 1000
64 20 1000
64 21 1000
64 22 1000
64 23 1000
64 24 1000
64 25 1000
64 26 1000
64 27 1000
64 28 1000
64 29 1000
64 30 1000
64 31 1000
64 32 1000
64 33 1000
64 34 1000
64 35 1000
64 36 1000
64 37 1000
64 38 1000
64 39 1000
64 40 1000
64 41 1000
64 42 1000
64 43 1000
64 44 1000
64 45 1000
64 46 1000
64 47 1000
64 48 1000
64 49 1000
64 50 1000
64 51 1000
64 52 1000
64 53 1000
64 54 1000
64 55 1000
64 56 1000
64 57 1000
64 58 1000
64 59 1000
64 60 1000
64 61 1000
64 62 1000
64 63 1000
65 1 1000
65 2 1000
65 3 1000
65 4 1000
65 5 1000
65 6 1000
65 7 1000
65 8 1000
65 9 1000
65 10 1000
65 11 1000
65 12 1000
65 13 1000
65 14 1000
65 15 1000
65 16 1000
65 17 1000
65 18 1000
65 19 1000
65 20 1000
65 21 1000
65 22 1000
65 23 1000
65 24 1000
65 25 1000
65 26 1000
65 27 1000
65 28 1000
65 29 1000
65 30 1000
65 31 1000
65 32 1000
65 33 1000
65 34 1000
65 35 1000
65 36 1000
65 37 1000
65 38 1000
65 39 1000
65 40 1000
65 41 1000
65 42 1000
65 43 1000
65 44 1000
65 45 1000
65 46 1000
65 47 1000
65 48 1000
65 49 1000
65 50 1000
65 51 1000
65 52 1000
65 53 1000
65 54 1000
65 55 1000
65 56 1000
65 57 1000
65 58 1000
65 59 1000
65 60 1000
65 61 1000
65 62 1000
65 63 1000
65 64 1000
66 1 1000
66 2 1000
66 3 1000
66 4 1000
66 5 1000
66 6 1000
66 7 1000
66 8 1000
66 9 1000
66 10 1000
66 11 1000
66 12 1000
66 13 1000
66 14 1000
66 15 1000
66 16 1000
66 17 1000
66 18 1000
66 19 1000
66 20 1000
66 21 1000
66 22 1000
66 23 1000
66 24 1000
66 25 1000
66 26 1000
66 27 1000
66 28 1000
66 29 1000
66 30 1000
66 31 1000
66 32 1000
66 33 1000
66 34 1000
66 35 1000
66 36 1000
66 37 1000
66 38 1000
66 39 1000
66 40 1000
66 41 1000
66 42 1000
66 43 1000
66 44 1000
66 45 1000
66 46 1000
66 47 1000
66 48 1000
66 49 1000
66 50 1000
66 51 1000
66 52 1000
66 53 1000
66 54 1000
66 55 1000
66 56 1000
66 57 1000
66 58 1000
66 59 1000
66 60 1000
66 61 1000
66 62 1000
66 63 1000
66 64 1000
66 65 1000
67 1 1000
67 2 1000
67 3 1000
67 4 1000
67 5 1000
67 6 1000
67 7 1000
67 8 1000
67 9 1000
67 10 1000
67 11 1000
67 12 1000
67 13 1000
67 14 1000
67 15 1000
67 16 1000
67 17 1000
67 18 1000
67 19 1000
67 20 1000
67 21 1000
67 22 1000
67 23 1000
67 24 1000
67 25 1000
67 26 1000
67 27 1000
67 28 1000
67 29 1000
67 30 1000
67 31 1000
67 32 1000
67 33 1000
67 34 1000
67 35 1000
67 36 1000
67 37 1000
67 38 1000
67 39 1000
67 40 1000
67 41 1000
67 42 1000
67 43 1000
67 44 1000
67 45 1000
67 46 1000
67 47 1000
67 48 1000
67 49 1000
67 50 1000
67 51 1000
67 52 1000
67 53 1000
67 54 1000
67 55 1000
67 56 1000
67 57 1000
67 58 1000
67 59 1000
67 60 1000
67 61 1000
67 62 1000
67 63 1000
67 64 1000
67 65 1000
67 66 1000
68 1 1000
68 2 1000
68 3 1000
68 4 1000
68 5 1000
68 6 1000
68 7 1000
68 8 1000
68 9 1000
68 10 1000
68 11 1000
68 12 1000
68 13 1000
68 14 1000
68 15 1000
68 16 1000
68 17 1000
68 18 1000
68 19 1000
68 20 1000
68 21 1000
68 22 1000
68 23 1000
68 24 1000
68 25 1000
68 26 1000
68 27 1000
68 28 1000
68 29 1000
68 30 1000
68 31 1000
68 32 1000
68 33 1000
68 34 1000
68 35 1000
68 36 1000
68 37 1000
68 38 1000
68 39 1000
68 40 1000
68 41 1000
68 42 1000
68 43 1000
68 44 1000
68 45 1000
68 46 1000
68 47 1000
68 48 1000
68 49 1000
68 50 1000
68 51 1000
68 52 1000
68 53 1000
68 54 1000
68 55 1000
68 56 1000
68 57 1000
68 58 1000
68 59 1000
68 60 1000
68 61 1000
68 62 1000
68 63 1000
68 64 1000
68 65 1000
68 66 1000
68 67 1000
69 1 1000
69 2 1000
69 3 1000
69 4 1000
69 5 1000
69 6 1000
69 7 1000
69 8 1000
69 9 1000
69 10 1000
69 11 1000
69 12 1000
69 13 1000
69 14 1000
69 15 1000
69 16 1000
69 17 1000
69 18 1000
69 19 1000
69 20 1000
69 21 1000
69 22 1000
69 23 1000
69 24 1000
69 25 1000
69 26 1000
69 27 1000
69 28 1000
69 29 1000
69 30 1000
69 31 1000
69 32 1000
69 33 1000
69 34 1000
69 35 1000
69 36 1000
69 37 1000
69 38 1000
69 39 1000
69 40 1000
69 41 1000
69 42 1000
69 43 1000
69 44 1000
69 45 1000
69 46 1000
69 47 1000
69 48 1000
69 49 1000
69 50 1000
69 51 1000
69 52 1000
69 53 1000
69 54 1000
69 55 1000
69 56 1000
69 57 1000
69 58 1000
69 59 1000
69 60 1000
69 61 1000
69 62 1000
69 63 1000
69 64 1000
69 65 1000
69 66 1000
69 67 1000
69 68 1000
70 1 1000
70 2 1000
70 3 1000
70 4 1000
70 5 1000
70 6 1000
70 7 1000
70 8 1000
70 9 1000
70 10 1000
70 11 1000
70 12 1000
70 13 1000
70 14 1000
70 15 1000
70 16 1000
70 17 1000
70 18 1000
70 19 1000
70 20 1000
70 21 1000
70 22 1000
70 23 1000
70 24 1000
70 25 1000
70 26 1000
70 27 1000
70 28 1000
70 29 1000
70 30 1000
70 31 1000
70 32 1000
70 33 1000
70 34 1000
70 35 1000
70 36 1000
70 37 1000
70 38 1000
70 39 1000
70 40 1000
70 41 1000
70 42 1000
70 43 1000
70 44 1000
70 45 1000
70 46 1000
70 47 1000
70 48 1000
70 49 1000
70 50 1000
70 51 1000
70 52 1000
70 53 1000
70 54 1000
70 55 1000
70 56 1000
70 57 1000
70 58 1000
70 59 1000
70 60 1000
70 61 1000
70 62 1000
70 63 1000
70 64 1000
70 65 1000
70 66 1000
70 67 1000
70 68 1000
70 69 1000
71 1 1000
71 2 1000
71 3 1000
71 4 1000
71 5 1000
71 6 1000
71 7 1000
71 8 1000
71 9 1000
71 10 1000
71 11 1000
71 12 1000
71 13 1000
71 14 1000
71 15 1000
71 16 1000
71 17 1000
71 18 1000
71 19 1000
71 20 1000
71 21 1000
71 22 1000
71 23 1000
71 24 1000
71 25 1000
71 26 1000
71 27 1000
71 28 1000
71 29 1000
71 30 1000
71 31 1000
71 32 1000
71 33 1000
71 34 1000
71 35 1000
71 36 1000
71 37 1000
71 38 1000
71 39 1000
71 40 1000
71 41 1000
71 42 1000
71 43 1000
71 44 1000
71 45 1000
71 46 1000
71 47 1000
71 48 1000
71 49 1000
71 50 1000
71 51 1000
71 52 1000
71 53 1000
71 54 1000
71 55 1000
71 56 1000
71 57 1000
71 58 1000
71 59 1000
71 60 1000
71 61 1000
71 62 1000
71 63 1000
71 64 1000
71 65 1000
71 66 1000
71 67 1000
71 68 1000
71 69 1000
71 70 1000
72 1 1000
72 2 1000
72 3 1000
72 4 1000
72 5 1000
72 6 1000
72 7 1000
72 8 1000
72 9 1000
72 10 1000
72 11 1000
72 12 1000
72 13 1000
72 14 1000
72 15 1000
72 16 1000
72 17 1000
72 18 1000
72 19 1000
72 20 1000
72 21 1000
72 22 1000
72 23 1000
72 24 1000
72 25 1000
72 26 1000
72 27 1000
72 28 1000
72 29 1000
72 30 1000
72 31 1000
72 32 1000
72 33 1000
72 34 1000
72 35 1000
72 36 1000
72 37 1000
72 38 1000
72 39 1000
72 40 1000
72 41 1000
72 42 1000
72 43 1000
72 44 1000
72 45 1000
72 46 1000
72 47 1000
72 48 1000
72 49 1000
72 50 1000
72 51 1000
72 52 1000
72 53 1000
72 54 1000
72 55 1000
72 56 1000
72 57 1000
72 58 1000
72 59 1000
72 60 1000
72 61 1000
72 62 1000
72 63 1000
72 64 1000
72 65 1000
72 66 1000
72 67 1000
72 68 1000
72 69 1000
72 70 1000
72 71 1000
73 1 1000
73 2 1000
73 3 1000
73 4 1000
73 5 1000
73 6 1000
73 7 1000
73 8 1000
73 9 1000
73 10 1000
73 11 1000
73 12 1000
73 13 1000
73 14 1000
73 15 1000
73 16 1000
73 17 1000
73 18 1000
73 19 1000
73 20 1000
73 21 1000
73 22 1000
73 23 1000
73 24 1000
73 25 1000
73 26 1000
73 27 1000
73 28 1000
73 29 1000
73 30 1000
73 31 1000
73 32 1000
73 33 1000
73 34 1000
73 35 1000
73 36 1000
73 37 1000
73 38 1000
73 39 1000
73 40 1000
73 41 1000
73 42 1000
73 43 1000
73 44 1000
73 45 1000
73 46 1000
73 47 1000
73 48 1000
73 49 1000
73 50 1000
73 51 1000
73 52 1000
73 53 1000
73 54 1000
73 55 1000
73 56 1000
73 57 1000
73 58 1000
73 59 1000
73 60 1000
73 61 1000
73 62 1000
73 63 1000
73 64 1000
73 65 1000
73 66 1000
73 67 1000
73 68 1000
73 69 1000
73 70 1000
73 71 1000
73 72 1000
74 1 1000
74 2 1000
74 3 1000
74 4 1000
74 5 1000
74 6 1000
74 7 1000
74 8 1000
74 9 1000
74 10 1000
74 11 1000
74 12 1000
74 13 1000
74 14 1000
74 15 1000
74 16 1000
74 17 1000
74 18 1000
74 19 1000
74 20 1000
74 21 1000
74 22 1000
74 23 1000
74 24 1000
74 25 1000
74 26 1000
74 27 1000
74 28 1000
74 29 1000
74 30 1000
74 31 1000
74 32 1000
74 33 1000
74 34 1000
74 35 1000
74 36 1000
74 37 1000
74 38 1000
74 39 1000
74 40 1000
74 41 1000
74 42 1000
74 43 1000
74 44 1000
74 45 1000
74 46 1000
74 47 1000
74 48 1000
74 49 1000
74 50 1000
74 51 1000
74 52 1000
74 53 1000
74 54 1000
74 55 1000
74 56 1000
74 57 1000
74 58 1000
74 59 1000
74 60 1000
74 61 1000
74 62 1000
74 63 1000
74 64 1000
74 65 1000
74 66 1000
74 67 1000
74 68 1000
74 69 1000
74 70 1000
74 71 1000
74 72 1000
74 73 1000
75 1 1000
75 2 1000
75 3 1000
75 4 1000
75 5 1000
75 6 1000
75 7 1000
75 8 1000
75 9 1000
75 10 1000
75 11 1000
75 12 1000
75 13 1000
75 14 1000
75 15 1000
75 16 1000
75 17 1000
75 18 1000
75 19 1000
75 20 1000
75 21 1000
75 22 1000
75 23 1000
75 24 1000
75 25 1000
75 26 1000
75 27 1000
75 28 1000
75 29 1000
75 30 1000
75 31 1000
75 32 1000
75 33 1000
75 34 1000
75 35 1000
75 36 1000
75 37 1000
75 38 1000
75 39 1000
75 40 1000
75 41 1000
75 42 1000
75 43 1000
75 44 1000
75 45 1000
75 46 1000
75 47 1000
75 48 1000
75 49 1000
75 50 1000
75 51 1000
75 52 1000
75 53 1000
75 54 1000
75 55 1000
75 56 1000
75 57 1000
75 58 1000
75 59 1000
75 60 1000
75 61 1000
75 62 1000
75 63 1000
75 64 1000
75 65 1000
75 66 1000
75 67 1000
75 68 1000
75 69 1000
75 70 1000
75 71 1000
75 72 1000
75 73 1000
75 74 1000
76 1 1000
76 2 1000
76 3 1000
76 4 1000
76 5 1000
76 6 1000
76 7 1000
76 8 1000
76 9 1000
76 10 1000
76 11 1000
76 12 1000
76 13 1000
76 14 1000
76 15 1000
76 16 1000
76 17 1000
76 18 1000
76 19 1000
76 20 1000
76 21 1000
76 22 1000
76 23 1000
76 24 1000
76 25 1000
76 26 1000
76 27 1000
76 28 1000
76 29 1000
76 30 1000
76 31 1000
76 32 1000
76 33 1000
76 34 1000
76 35 1000
76 36 1000
76 37 1000
76 38 1000
76 39 1000
76 40 1000
76 41 1000
76 42 1000
76 43 1000
76 44 1000
76 45 1000
76 46 1000
76 47 1000
76 48 1000
76 49 1000
76 50 1000
76 51 1000
76 52 1000
76 53 1000
76 54 1000
76 55 1000
76 56 1000
76 57 1000
76 58 1000
76 59 1000
76 60 1000
76 61 1000
76 62 1000
76 63 1000
76 64 1000
76 65 1000
76 66 1000
76 67 1000
76 68 1000
76 69 1000
76 70 1000
76 71 1000
76 72 1000
76 73 1000
76 74 1000
76 75 1000
77 1 1000
77 2 1000
77 3 1000
77 4 1000
77 5 1000
77 6 1000
77 7 1000
77 8 1000
77 9 1000
77 10 1000
77 11 1000
77 12 1000
77 13 1000
77 14 1000
77 15 1000
77 16 1000
77 17 1000
77 18 1000
77 19 1000
77 20 1000
77 21 1000
77 22 1000
77 23 1000
77 24 1000
77 25 1000
77 26 1000
77 27 1000
77 28 1000
77 29 1000
77 30 1000
77 31 1000
77 32 1000
77 33 1000
77 34 1000
77 35 1000
77 36 1000
77 37 1000
77 38 1000
77 39 1000
77 40 1000
77 41 1000
77 42 1000
77 43 1000
77 44 1000
77 45 1000
77 46 1000
77 47 1000
77 48 1000
77 49 1000
77 50 1000
77 51 1000
77 52 1000
77 53 1000
77 54 1000
77 55 1000
77 56 1000
77 57 1000
77 58 1000
77 59 1000
77 60 1000
77 61 1000
77 62 1000
77 63 1000
77 64 1000
77 65 1000
77 66 1000
77 67 1000
77 68 1000
77 69 1000
77 70 1000
77 71 1000
77 72 1000
77 73 1000
77 74 1000
77 75 1000
77 76 1000
78 1 1000
78 2 1000
78 3 1000
78 4 1000
78 5 1000
78 6 1000
78 7 1000
78 8 1000
78 9 1000
78 10 1000
78 11 1000
78 12 1000
78 13 1000
78 14 1000
78 15 1000
78 16 1000
78 17 1000
78 18 1000
78 19 1000
78 20 1000
78 21 1000
78 22 1000
78 23 1000
78 24 1000
78 25 1000
78 26 1000
78 27 1000
78 28 1000
78 29 1000
78 30 1000
78 31 1000
78 32 1000
78 33 1000
78 34 1000
78 35 1000
78 36 1000
78 37 1000
78 38 1000
78 39 1000
78 40 1000
78 41 1000
78 42 1000
78 43 1000
78 44 1000
78 45 1000
78 46 1000
78 47 1000
78 48 1000
78 49 1000
78 50 1000
78 51 1000
78 52 1000
78 53 1000
78 54 1000
78 55 1000
78 56 1000
78 57 1000
78 58 1000
78 59 1000
78 60 1000
78 61 1000
78 62 1000
78 63 1000
78 64 1000
78 65 1000
78 66 1000
78 67 1000
78 68 1000
78 69 1000
78 70 1000
78 71 1000
78 72 1000
78 73 1000
78 74 1000
78 75 1000
78 76 1000
78 77 1000
79 1 1000
79 2 1000
79 3 1000
79 4 1000
79 5 1000
79 6 1000
79 7 1000
79 8 1000
79 9 1000
79 10 1000
79 11 1000
79 12 1000
79 13 1000
79 14 1000
79 15 1000
79 16 1000
79 17 1000
79 18 1000
79 19 1000
79 20 1000
79 21 1000
79 22 1000
79 23 1000
79 24 1000
79 25 1000
79 26 1000
79 27 1000
79 28 1000
79 29 1000
79 30 1000
79 31 1000
79 32 1000
79 33 1000
79 34 1000
79 35 1000
79 36 1000
79 37 1000
79 38 1000
79 39 1000
79 40 1000
79 41 1000
79 42 1000
79 43 1000
79 44 1000
79 45 1000
79 46 1000
79 47 1000
79 48 1000
79 49 1000
79 50 1000
79 51 1000
79 52 1000
79 53 1000
79 54 1000
79 55 1000
79 56 1000
79 57 1000
79 58 1000
79 59 1000
79 60 1000
79 61 1000
79 62 1000
79 63 1000
79 64 1000
79 65 1000
79 66 1000
79 67 1000
79 68 1000
79 69 1000
79 70 1000
79 71 1000
79 72 1000
79 73 1000
79 74 1000
79 75 1000
79 76 1000
79 77 1000
79 78 1000
80 1 1000
80 2 1000
80 3 1000
80 4 1000
80 5 1000
80 6 1000
80 7 1000
80 8 1000
80 9 1000
80 10 1000
80 11 1000
80 12 1000
80 13 1000
80 14 1000
80 15 1000
80 16 1000
80 17 1000
80 18 1000
80 19 1000
80 20 1000
80 21 1000
80 22 1000
80 23 1000
80 24 1000
80 25 1000
80 26 1000
80 27 1000
80 28 1000
80 29 1000
80 30 1000
80 31 1000
80 32 1000
80 33 1000
80 34 1000
80 35 1000
80 36 1000
80 37 1000
80 38 1000
80 39 1000
80 40 1000
80 41 1000
80 42 1000
80 43 1000
80 44 1000
80 45 1000
80 46 1000
80 47 1000
80 48 1000
80 49 1000
80 50 1000
80 51 1000
80 52 1000
80 53 1000
80 54 1000
80 55 1000
80 56 1000
80 57 1000
80 58 1000
80 59 1000
80 60 1000
80 61 1000
80 62 1000
80 63 1000
80 64 1000
80 65 1000
80 66 1000
80 67 1000
80 68 1000
80 69 1000
80 70 1000
80 71 1000
80 72 1000
80 73 1000
80 74 1000
80 75 1000
80 76 1000
80 77 1000
80 78 1000
80 79 1000
81 1 1000
81 2 1000
81 3 1000
81 4 1000
81 5 1000
81 6 1000
81 7 1000
81 8 1000
81 9 1000
81 10 1000
81 11 1000
81 12 1000
81 13 1000
81 14 1000
81 15 1000
81 16 1000
81 17 1000
81 18 1000
81 19 1000
81 20 1000
81 21 1000
81 22 1000
81 23 1000
81 24 1000
81 25 1000
81 26 1000
81 27 1000
81 28 1000
81 29 1000
81 30 1000
81 31 1000
81 32 1000
81 33 1000
81 34 1000
81 35 1000
81 36 1000
81 37 1000
81 38 1000
81 39 1000
81 40 1000
81 41 1000
81 42 1000
81 43 1000
81 44 1000
81 45 1000
81 46 1000
81 47 1000
81 48 1000
81 49 1000
81 50 1000
81 51 1000
81 52 1000
81 53 1000
81 54 1000
81 55 1000
81 56 1000
81 57 1000
81 58 1000
81 59 1000
81 60 1000
81 61 1000
81 62 1000
81 63 1000
81 64 1000
81 65 1000
81 66 1000
81 67 1000
81 68 1000
81 69 1000
81 70 1000
81 71 1000
81 72 1000
81 73 1000
81 74 1000
81 75 1000
81 76 1000
81 77 1000
81 78 1000
81 79 1000
81 80 1000
82 1 1000
82 2 1000
82 3 1000
82 4 1000
82 5 1000
82 6 1000
82 7 1000
82 8 1000
82 9 1000
82 10 1000
82 11 1000
82 12 1000
82 13 1000
82 14 1000
82 15 1000
82 16 1000
82 17 1000
82 18 1000
82 19 1000
82 20 1000
82 21 1000
82 22 1000
82 23 1000
82 24 1000
82 25 1000
82 26 1000
82 27 1000
82 28 1000
82 29 1000
82 30 1000
82 31 1000
82 32 1000
82 33 1000
82 34 1000
82 35 1000
82 36 1000
82 37 1000
82 38 1000
82 39 1000
82 40 1000
82 41 1000
82 42 1000
82 43 1000
82 44 1000
82 45 1000
82 46 1000
82 47 1000
82 48 1000
82 49 1000
82 50 1000
82 51 1000
82 52 1000
82 53 1000
82 54 1000
82 55 1000
82 56 1000
82 57 1000
82 58 1000
82 59 1000
82 60 1000
82 61 1000
82 62 1000
82 63 1000
82 64 1000
82 65 1000
82 66 1000
82 67 1000
82 68 1000
82 69 1000
82 70 1000
82 71 1000
82 72 1000
82 73 1000
82 74 1000
82 75 1000
82 76 1000
82 77 1000
82 78 1000
82 79 1000
82 80 1000
82 81 1000
83 1 1000
83 2 1000
83 3 1000
83 4 1000
83 5 1000
83 6 1000
83 7 1000
83 8 1000
83 9 1000
83 10 1000
83 11 1000
83 12 1000
83 13 1000
83 14 1000
83 15 1000
83 16 1000
83 17 1000
83 18 1000
83 19 1000
83 20 1000
83 21 1000
83 22 1000
83 23 1000
83 24 1000
83 25 1000
83 26 1000
83 27 1000
83 28 1000
83 29 1000
83 30 1000
83 31 1000
83 32 1000
83 33 1000
83 34 1000
83 35 1000
83 36 1000
83 37 1000
83 38 1000
83 39 1000
83 40 1000
83 41 1000
83 42 1000
83 43 1000
83 44 1000
83 45 1000
83 46 1000
83 47 1000
83 48 1000
83 49 1000
83 50 1000
83 51 1000
83 52 1000
83 53 1000
83 54 1000
83 55 1000
83 56 1000
83 57 1000
83 58 1000
83 59 1000
83 60 1000
83 61 1000
83 62 1000
83 63 1000
83 64 1000
83 65 1000
83 66 1000
83 67 1000
83 68 1000
83 69 1000
83 70 1000
83 71 1000
83 72 1000
83 73 1000
83 74 1000
83 75 1000
83 76 1000
83 77 1000
83 78 1000
83 79 1000
83 80 1000
83 81 1000
83 82 1000
84 1 1000
84 2 1000
84 3 1000
84 4 1000
84 5 1000
84 6 1000
84 7 1000
84 8 1000
84 9 1000
84 10 1000
84 11 1000
84 12 1000
84 13 1000
84 14 1000
84 15 1000
84 16 1000
84 17 1000
84 18 1000
84 19 1000
84 20 1000
84 21 1000
84 22 1000
84 23 1000
84 24 1000
84 25 1000
84 26 1000
84 27 1000
84 28 1000
84 29 1000
84 30 1000
84 31 1000
84 32 1000
84 33 1000
84 34 1000
84 35 1000
84 36 1000
84 37 1000
84 38 1000
84 39 1000
84 40 1000
84 41 1000
84 42 1000
84 43 1000
84 44 1000
84 45 1000
84 46 1000
84 47 1000
84 48 1000
84 49 1000
84 50 1000
84 51 1000
84 52 1000
84 53 1000
84 54 1000
84 55 1000
84 56 1000
84 57 1000
84 58 1000
84 59 1000
84 60 1000
84 61 1000
84 62 1000
84 63 1000
84 64 1000
84 65 1000
84 66 1000
84 67 1000
84 68 1000
84 69 1000
84 70 1000
84 71 1000
84 72 1000
84 73 1000
84 74 1000
84 75 1000
84 76 1000
84 77 1000
84 78 1000
84 79 1000
84 80 1000
84 81 1000
84 82 1000
84 83 1000
85 1 1000
85 2 1000
85 3 1000
85 4 1000
85 5 1000
85 6 1000
85 7 1000
85 8 1000
85 9 1000
85 10 1000
85 11 1000
85 12 1000
85 13 1000
85 14 1000
85 15 1000
85 16 1000
85 17 1000
85 18 1000
85 19 1000
85 20 1000
85 21 1000
85 22 1000
85 23 1000
85 24 1000
85 25 1000
85 26 1000
85 27 1000
85 28 1000
85 29 1000
85 30 1000
85 31 1000
85 32 1000
85 33 1000
85 34 1000
85 35 1000
85 36 1000
85 37 1000
85 38 1000
85 39 1000
85 40 1000
85 41 1000
85 42 1000
85 43 1000
85 44 1000
85 45 1000
85 46 1000
85 47 1000
85 48 1000
85 49 1000
85 50 1000
85 51 1000
85 52 1000
85 53 1000
85 54 1000
85 55 1000
85 56 1000
85 57 1000
85 58 1000
85 59 1000
85 60 1000
85 61 1000
85 62 1000
85 63 1000
85 64 1000
85 65 1000
85 66 1000
85 67 1000
85 68 1000
85 69 1000
85 70 1000
85 71 1000
85 72 1000
85 73 1000
85 74 1000
85 75 1000
85 76 1000
85 77 1000
85 78 1000
85 79 1000
85 80 1000
85 81 1000
85 82 1000
85 83 1000
85 84 1000
86 1 1000
86 2 1000
86 3 1000
86 4 1000
86 5 1000
86 6 1000
86 7 1000
86 8 1000
86 9 1000
86 10 1000
86 11 1000
86 12 1000
86 13 1000
86 14 1000
86 15 1000
86 16 1000
86 17 1000
86 18 1000
86 19 1000
86 20 1000
86 21 1000
86 22 1000
86 23 1000
86 24 1000
86 25 1000
86 26 1000
86 27 1000
86 28 1000
86 29 1000
86 30 1000
86 31 1000
86 32 1000
86 33 1000
86 34 1000
86 35 1000
86 36 1000
86 37 1000
86 38 1000
86 39 1000
86 40 1000
86 41 1000
86 42 1000
86 43 1000
86 44 1000
86 45 1000
86 46 1000
86 47 1000
86 48 1000
86 49 1000
86 50 1000
86 51 1000
86 52 1000
86 53 1000
86 54 1000
86 55 1000
86 56 1000
86 57 1000
86 58 1000
86 59 1000
86 60 1000
86 61 1000
86 62 1000
86 63 1000
86 64 1000
86 65 1000
86 66 1000
86 67 1000
86 68 1000
86 69 1000
86 70 1000
86 71 1000
86 72 1000
86 73 1000
86 74 1000
86 75 1000
86 76 1000
86 77 1000
86 78 1000
86 79 1000
86 80 1000
86 81 1000
86 82 1000
86 83 1000
86 84 1000
86 85 1000
87 1 1000
87 2 1000
87 3 1000
87 4 1000
87 5 1000
87 6 1000
87 7 1000
87 8 1000
87 9 1000
87 10 1000
87 11 1000
87 12 1000
87 13 1000
87 14 1000
87 15 1000
87 16 1000
87 17 1000
87 18 1000
87 19 1000
87 20 1000
87 21 1000
87 22 1000
87 23 1000
87 24 1000
87 25 1000
87 26 1000
87 27 1000
87 28 1000
87 29 1000
87 30 1000
87 31 1000
87 32 1000
87 33 1000
87 34 1000
87 35 1000
87 36 1000
87 37 1000
87 38 1000
87 39 1000
87 40 1000
87 41 1000
87 42 1000
87 43 1000
87 44 1000
87 45 1000
87 46 1000
87 47 1000
87 48 1000
87 49 1000
87 50 1000
87 51 1000
87 52 1000
87 53 1000
87 54 1000
87 55 1000
87 56 1000
87 57 1000
87 58 1000
87 59 1000
87 60 1000
87 61 1000
87 62 1000
87 63 1000
87 64 1000
87 65 1000
87 66 1000
87 67 1000
87 68 1000
87 69 1000
87 70 1000
87 71 1000
87 72 1000
87 73 1000
87 74 1000
87 75 1000
87 76 1000
87 77 1000
87 78 1000
87 79 1000
87 80 1000
87 81 1000
87 82 1000
87 83 1000
87 84 1000
87 85 1000
87 86 1000
88 1 1000
88 2 1000
88 3 1000
88 4 1000
88 5 1000
88 6 1000
88 7 1000
88 8 1000
88 9 1000
88 10 1000
88 11 1000
88 12 1000
88 13 1000
88 14 1000
88 15 1000
88 16 1000
88 17 1000
88 18 1000
88 19 1000
88 20 1000
88 21 1000
88 22 1000
88 23 1000
88 24 1000
88 25 1000
88 26 1000
88 27 1000
88 28 1000
88 29 1000
88 30 1000
88 31 1000
88 32 1000
88 33 1000
88 34 1000
88 35 1000
88 36 1000
88 37 1000
88 38 1000
88 39 1000
88 40 1000
88 41 1000
88 42 1000
88 43 1000
88 44 1000
88 45 1000
88 46 1000
88 47 1000
88 48 1000
88 49 1000
88 50 1000
88 51 1000
88 52 1000
88 53 1000
88 54 1000
88 55 1000
88 56 1000
88 57 1000
88 58 1000
88 59 1000
88 60 1000
88 61 1000
88 62 1000
88 63 1000
88 64 1000
88 65 1000
88 66 1000
88 67 1000
88 68 1000
88 69 1000
88 70 1000
88 71 1000
88 72 1000
88 73 1000
88 74 1000
88 75 1000
88 76 1000
88 77 1000
88 78 1000
88 79 1000
88 80 1000
88 81 1000
88 82 1000
88 83 1000
88 84 1000
88 85 1000
88 86 1000
88 87 1000
89 1 1000
89 2 1000
89 3 1000
89 4 1000
89 5 1000
89 6 1000
89 7 1000
89 8 1000
89 9 1000
89 10 1000
89 11 1000
89 12 1000
89 13 1000
89 14 1000
89 15 1000
89 16 1000
89 17 1000
89 18 1000
89 19 1000
89 20 1000
89 21 1000
89 22 1000
89 23 1000
89 24 1000
89 25 1000
89 26 1000
89 27 1000
89 28 1000
89 29 1000
89 30 1000
89 31 1000
89 32 1000
89 33 1000
89 34 1000
89 35 1000
89 36 1000
89 37 1000
89 38 1000
89 39 1000
89 40 1000
89 41 1000
89 42 1000
89 43 1000
89 44 1000
89 45 1000
89 46 1000
89 47 1000
89 48 1000
89 49 1000
89 50 1000
89 51 1000
89 52 1000
89 53 1000
89 54 1000
89 55 1000
89 56 1000
89 57 1000
89 58 1000
89 59 1000
89 60 1000
89 61 1000
89 62 1000
89 63 1000
89 64 1000
89 65 1000
89 66 1000
89 67 1000
89 68 1000
89 69 1000
89 70 1000
89 71 1000
89 72 1000
89 73 1000
89 74 1000
89 75 1000
89 76 1000
89 77 1000
89 78 1000
89 79 1000
89 80 1000
89 81 1000
89 82 1000
89 83 1000
89 84 1000
89 85 1000
89 86 1000
89 87 1000
89 88 1000
90 1 1000
90 2 1000
90 3 1000
90 4 1000
90 5 1000
90 6 1000
90 7 1000
90 8 1000
90 9 1000
90 10 1000
90 11 1000
90 12 1000
90 13 1000
90 14 1000
90 15 1000
90 16 1000
90 17 1000
90 18 1000
90 19 1000
90 20 1000
90 21 1000
90 22 1000
90 23 1000
90 24 1000
90 25 1000
90 26 1000
90 27 1000
90 28 1000
90 29 1000
90 30 1000
90 31 1000
90 32 1000
90 33 1000
90 34 1000
90 35 1000
90 36 1000
90 37 1000
90 38 1000
90 39 1000
90 40 1000
90 41 1000
90 42 1000
90 43 1000
90 44 1000
90 45 1000
90 46 1000
90 47 1000
90 48 1000
90 49 1000
90 50 1000
90 51 1000
90 52 1000
90 53 1000
90 54 1000
90 55 1000
90 56 1000
90 57 1000
90 58 1000
90 59 1000
90 60 1000
90 61 1000
90 62 1000
90 63 1000
90 64 1000
90 65 1000
90 66 1000
90 67 1000
90 68 1000
90 69 1000
90 70 1000
90 71 1000
90 72 1000
90 73 1000
90 74 1000
90 75 1000
90 76 1000
90 77 1000
90 78 1000
90 79 1000
90 80 1000
90 81 1000
90 82 1000
90 83 1000
90 84 1000
90 85 1000
90 86 1000
90 87 1000
90 88 1000
90 89 1000
91 1 1000
91 2 1000
91 3 1000
91 4 1000
91 5 1000
91 6 1000
91 7 1000
91 8 1000
91 9 1000
91 10 1000
91 11 1000
91 12 1000
91 13 1000
91 14 1000
91 15 1000
91 16 1000
91 17 1000
91 18 1000
91 19 1000
91 20 1000
91 21 1000
91 22 1000
91 23 1000
91 24 1000
91 25 1000
91 26 1000
91 27 1000
91 28 1000
91 29 1000
91 30 1000
91 31 1000
91 32 1000
91 33 1000
91 34 1000
91 35 1000
91 36 1000
91 37 1000
91 38 1000
91 39 1000
91 40 1000
91 41 1000
91 42 1000
91 43 1000
91 44 1000
91 45 1000
91 46 1000
91 47 1000
91 48 1000
91 49 1000
91 50 1000
91 51 1000
91 52 1000
91 53 1000
91 54 1000
91 55 1000
91 56 1000
91 57 1000
91 58 1000
91 59 1000
91 60 1000
91 61 1000
91 62 1000
91 63 1000
91 64 1000
91 65 1000
91 66 1000
91 67 1000
91 68 1000
91 69 1000
91 70 1000
91 71 1000
91 72 1000
91 73 1000
91 74 1000
91 75 1000
91 76 1000
91 77 1000
91 78 1000
91 79 1000
91 80 1000
91 81 1000
91 82 1000
91 83 1000
91 84 1000
91 85 1000
91 86 1000
91 87 1000
91 88 1000
91 89 1000
91 90 1000
92 1 1000
92 2 1000
92 3 1000
92 4 1000
92 5 1000
92 6 1000
92 7 1000
92 8 1000
92 9 1000
92 10 1000
92 11 1000
92 12 1000
92 13 1000
92 14 1000
92 15 1000
92 16 1000
92 17 1000
92 18 1000
92 19 1000
92 20 1000
92 21 1000
92 22 1000
92 23 1000
92 24 1000
92 25 1000
92 26 1000
92 27 1000
92 28 1000
92 29 1000
92 30 1000
92 31 1000
92 32 1000
92 33 1000
92 34 1000
92 35 1000
92 36 1000
92 37 1000
92 38 1000
92 39 1000
92 40 1000
92 41 1000
92 42 1000
92 43 1000
92 44 1000
92 45 1000
92 46 1000
92 47 1000
92 48 1000
92 49 1000
92 50 1000
92 51 1000
92 52 1000
92 53 1000
92 54 1000
92 55 1000
92 56 1000
92 57 1000
92 58 1000
92 59 1000
92 60 1000
92 61 1000
92 62 1000
92 63 1000
92 64 1000
92 65 1000
92 66 1000
92 67 1000
92 68 1000
92 69 1000
92 70 1000
92 71 1000
92 72 1000
92 73 1000
92 74 1000
92 75 1000
92 76 1000
92 77 1000
92 78 1000
92 79 1000
92 80 1000
92 81 1000
92 82 1000
92 83 1000
92 84 1000
92 85 1000
92 86 1000
92 87 1000
92 88 1000
92 89 1000
92 90 1000
92 91 1000
93 1 1000
93 2 1000
93 3 1000
93 4 1000
93 5 1000
93 6 1000
93 7 1000
93 8 1000
93 9 1000
93 10 1000
93 11 1000
93 12 1000
93 13 1000
93 14 1000
93 15 1000
93 16 1000
93 17 1000
93 18 1000
93 19 1000
93 20 1000
93 21 1000
93 22 1000
93 23 1000
93 24 1000
93 25 1000
93 26 1000
93 27 1000
93 28 1000
93 29 1000
93 30 1000
93 31 1000
93 32 1000
93 33 1000
93 34 1000
93 35 1000
93 36 1000
93 37 1000
93 38 1000
93 39 1000
93 40 1000
93 41 1000
93 42 1000
93 43 1000
93 44 1000
93 45 1000
93 46 1000
93 47 1000
93 48 1000
93 49 1000
93 50 1000
93 51 1000
93 52 1000
93 53 1000
93 54 1000
93 55 1000
93 56 1000
93 57 1000
93 58 1000
93 59 1000
93 60 1000
93 61 1000
93 62 1000
93 63 1000
93 64 1000
93 65 1000
93 66 1000
93 67 1000
93 68 1000
93 69 1000
93 70 1000
93 71 1000
93 72 1000
93 73 1000
93 74 1000
93 75 1000
93 76 1000
93 77 1000
93 78 1000
93 79 1000
93 80 1000
93 81 1000
93 82 1000
93 83 1000
93 84 1000
93 85 1000
93 86 1000
93 87 1000
93 88 1000
93 89 1000
93 90 1000
93 91 1000
93 92 1000
94 1 1000
94 2 1000
94 3 1000
94 4 1000
94 5 1000
94 6 1000
94 7 1000
94 8 1000
94 9 1000
94 10 1000
94 11 1000
94 12 1000
94 13 1000
94 14 1000
94 15 1000
94 16 1000
94 17 1000
94 18 1000
94 19 1000
94 20 1000
94 21 1000
94 22 1000
94 23 1000
94 24 1000
94 25 1000
94 26 1000
94 27 1000
94 28 1000
94 29 1000
94 30 1000
94 31 1000
94 32 1000
94 33 1000
94 34 1000
94 35 1000
94 36 1000
94 37 1000
94 38 1000
94 39 1000
94 40 1000
94 41 1000
94 42 1000
94 43 1000
94 44 1000
94 45 1000
94 46 1000
94 47 1000
94 48 1000
94 49 1000
94 50 1000
94 51 1000
94 52 1000
94 53 1000
94 54 1000
94 55 1000
94 56 1000
94 57 1000
94 58 1000
94 59 1000
94 60 1000
94 61 1000
94 62 1000
94 63 1000
94 64 1000
94 65 1000
94 66 1000
94 67 1000
94 68 1000
94 69 1000
94 70 1000
94 71 1000
94 72 1000
94 73 1000
94 74 1000
94 75 1000
94 76 1000
94 77 1000
94 78 1000
94 79 1000
94 80 1000
94 81 1000
94 82 1000
94 83 1000
94 84 1000
94 85 1000
94 86 1000
94 87 1000
94 88 1000
94 89 1000
94 90 1000
94 91 1000
94 92 1000
94 93 1000
95 1 1000
95 2 1000
95 3 1000
95 4 1000
95 5 1000
95 6 1000
95 7 1000
95 8 1000
95 9 1000
95 10 1000
95 11 1000
95 12 1000
95 13 1000
95 14 1000
95 15 1000
95 16 1000
95 17 1000
95 18 1000
95 19 1000
95 20 1000
95 21 1000
95 22 1000
95 23 1000
95 24 1000
95 25 1000
95 26 1000
95 27 1000
95 28 1000
95 29 1000
95 30 1000
95 31 1000
95 32 1000
95 33 1000
95 34 1000
95 35 1000
95 36 1000
95 37 1000
95 38 1000
95 39 1000
95 40 1000
95 41 1000
95 42 1000
95 43 1000
95 44 1000
95 45 1000
95 46 1000
95 47 1000
95 48 1000
95 49 1000
95 50 1000
95 51 1000
95 52 1000
95 53 1000
95 54 1000
95 55 1000
95 56 1000
95 57 1000
95 58 1000
95 59 1000
95 60 1000
95 61 1000
95 62 1000
95 63 1000
95 64 1000
95 65 1000
95 66 1000
95 67 1000
95 68 1000
95 69 1000
95 70 1000
95 71 1000
95 72 1000
95 73 1000
95 74 1000
95 75 1000
95 76 1000
95 77 1000
95 78 1000
95 79 1000
95 80 1000
95 81 1000
95 82 1000
95 83 1000
95 84 1000
95 85 1000
95 86 1000
95 87 1000
95 88 1000
95 89 1000
95 90 1000
95 91 1000
95 92 1000
95 93 1000
95 94 1000
96 1 1000
96 2 1000
96 3 1000
96 4 1000
96 5 1000
96 6 1000
96 7 1000
96 8 1000
96 9 1000
96 10 1000
96 11 1000
96 12 1000
96 13 1000
96 14 1000
96 15 1000
96 16 1000
96 17 1000
96 18 1000
96 19 1000
96 20 1000
96 21 1000
96 22 1000
96 23 1000
96 24 1000
96 25 1000
96 26 1000
96 27 1000
96 28 1000
96 29 1000
96 30 1000
96 31 1000
96 32 1000
96 33 1000
96 34 1000
96 35 1000
96 36 1000
96 37 1000
96 38 1000
96 39 1000
96 40 1000
96 41 1000
96 42 1000
96 43 1000
96 44 1000
96 45 1000
96 46 1000
96 47 1000
96 48 1000
96 49 1000
96 50 1000
96 51 1000
96 52 1000
96 53 1000
96 54 1000
96 55 1000
96 56 1000
96 57 1000
96 58 1000
96 59 1000
96 60 1000
96 61 1000
96 62 1000
96 63 1000
96 64 1000
96 65 1000
96 66 1000
96 67 1000
96 68 1000
96 69 1000
96 70 1000
96 71 1000
96 72 1000
96 73 1000
96 74 1000
96 75 1000
96 76 1000
96 77 1000
96 78 1000
96 79 1000
96 80 1000
96 81 1000
96 82 1000
96 83 1000
96 84 1000
96 85 1000
96 86 1000
96 87 1000
96 88 1000
96 89 1000
96 90 1000
96 91 1000
96 92 1000
96 93 1000
96 94 1000
96 95 1000
97 1 1000
97 2 1000
97 3 1000
97 4 1000
97 5 1000
97 6 1000
97 7 1000
97 8 1000
97 9 1000
97 10 1000
97 11 1000
97 12 1000
97 13 1000
97 14 1000
97 15 1000
97 16 1000
97 17 1000
97 18 1000
97 19 1000
97 20 1000
97 21 1000
97 22 1000
97 23 1000
97 24 1000
97 25 1000
97 26 1000
97 27 1000
97 28 1000
97 29 1000
97 30 1000
97 31 1000
97 32 1000
97 33 1000
97 34 1000
97 35 1000
97 36 1000
97 37 1000
97 38 1000
97 39 1000
97 40 1000
97 41 1000
97 42 1000
97 43 1000
97 44 1000
97 45 1000
97 46 1000
97 47 1000
97 48 1000
97 49 1000
97 50 1000
97 51 1000
97 52 1000
97 53 1000
97 54 1000
97 55 1000
97 56 1000
97 57 1000
97 58 1000
97 59 1000
97 60 1000
97 61 1000
97 62 1000
97 63 1000
97 64 1000
97 65 1000
97 66 1000
97 67 1000
97 68 1000
97 69 1000
97 70 1000
97 71 1000
97 72 1000
97 73 1000
97 74 1000
97 75 1000
97 76 1000
97 77 1000
97 78 1000
97 79 1000
97 80 1000
97 81 1000
97 82 1000
97 83 1000
97 84 1000
97 85 1000
97 86 1000
97 87 1000
97 88 1000
97 89 1000
97 90 1000
97 91 1000
97 92 1000
97 93 1000
97 94 1000
97 95 1000
97 96 1000
98 1 1000
98 2 1000
98 3 1000
98 4 1000
98 5 1000
98 6 1000
98 7 1000
98 8 1000
98 9 1000
98 10 1000
98 11 1000
98 12 1000
98 13 1000
98 14 1000
98 15 1000
98 16 1000
98 17 1000
98 18 1000
98 19 1000
98 20 1000
98 21 1000
98 22 1000
98 23 1000
98 24 1000
98 25 1000
98 26 1000
98 27 1000
98 28 1000
98 29 1000
98 30 1000
98 31 1000
98 32 1000
98 33 1000
98 34 1000
98 35 1000
98 36 1000
98 37 1000
98 38 1000
98 39 1000
98 40 1000
98 41 1000
98 42 1000
98 43 1000
98 44 1000
98 45 1000
98 46 1000
98 47 1000
98 48 1000
98 49 1000
98 50 1000
98 51 1000
98 52 1000
98 53 1000
98 54 1000
98 55 1000
98 56 1000
98 57 1000
98 58 1000
98 59 1000
98 60 1000
98 61 1000
98 62 1000
98 63 1000
98 64 1000
98 65 1000
98 66 1000
98 67 1000
98 68 1000
98 69 1000
98 70 1000
98 71 1000
98 72 1000
98 73 1000
98 74 1000
98 75 1000
98 76 1000
98 77 1000
98 78 1000
98 79 1000
98 80 1000
98 81 1000
98 82 1000
98 83 1000
98 84 1000
98 85 1000
98 86 1000
98 87 1000
98 88 1000
98 89 1000
98 90 1000
98 91 1000
98 92 1000
98 93 1000
98 94 1000
98 95 1000
98 96 1000
98 97 1000
99 1 1000
99 2 1000
99 3 1000
99 4 1000
99 5 1000
99 6 1000
99 7 1000
99 8 1000
99 9 1000
99 10 1000
99 11 1000
99 12 1000
99 13 1000
99 14 1000
99 15 1000
99 16 1000
99 17 1000
99 18 1000
99 19 1000
99 20 1000
99 21 1000
99 22 1000
99 23 1000
99 24 1000
99 25 1000
99 26 1000
99 27 1000
99 28 1000
99 29 1000
99 30 1000
99 31 1000
99 32 1000
99 33 1000
99 34 1000
99 35 1000
99 36 1000
99 37 1000
99 38 1000
99 39 1000
99 40 1000
99 41 1000
99 42 1000
99 43 1000
99 44 1000
99 45 1000
99 46 1000
99 47 1000
99 48 1000
99 49 1000
99 50 1000
99 51 1000
99 52 1000
99 53 1000
99 54 1000
99 55 1000
99 56 1000
99 57 1000
99 58 1000
99 59 1000
99 60 1000
99 61 1000
99 62 1000
99 63 1000
99 64 1000
99 65 1000
99 66 1000
99 67 1000
99 68 1000
99 69 1000
99 70 1000
99 71 1000
99 72 1000
99 73 1000
99 74 1000
99 75 1000
99 76 1000
99 77 1000
99 78 1000
99 79 1000
99 80 1000
99 81 1000
99 82 1000
99 83 1000
99 84 1000
99 85 1000
99 86 1000
99 87 1000
99 88 1000
99 89 1000
99 90 1000
99 91 1000
99 92 1000
99 93 1000
99 94 1000
99 95 1000
99 96 1000
99 97 1000
99 98 1000
100 1 1000
100 2 1000
100 3 1000
100 4 1000
100 5 1000
100 6 1000
100 7 1000
100 8 1000
100 9 1000
100 10 1000
100 11 1000
100 12 1000
100 13 1000
100 14 1000
100 15 1000
100 16 1000
100 17 1000
100 18 1000
100 19 1000
100 20 1000
100 21 1000
100 22 1000
100 23 1000
100 24 1000
100 25 1000
100 26 1000
100 27 1000
100 28 1000
100 29 1000
100 30 1000
100 31 1000
100 32 1000
100 33 1000
100 34 1000
100 35 1000
100 36 1000
100 37 1000
100 38 1000
100 39 1000
100 40 1000
100 41 1000
100 42 1000
100 43 1000
100 44 1000
100 45 1000
100 46 1000
100 47 1000
100 48 1000
100 49 1000
100 50 1000
100 51 1000
100 52 1000
100 53 1000
100 54 1000
100 55 1000
100 56 1000
100 57 1000
100 58 1000
100 59 1000
100 60 1000
100 61 1000
100 62 1000
100 63 1000
100 64 1000
100 65 1000
100 66 1000
100 67 1000
100 68 1000
100 69 1000
100 70 1000
100 71 1000
100 72 1000
100 73 1000
100 74 1000
100 75 1000
100 76 1000
100 77 1000
100 78 1000
100 79 1000
100 80 1000
100 81 1000
100 82 1000
100 83 1000
100 84 1000
100 85 1000
100 86 1000
100 87 1000
100 88 1000
100 89 1000
100 90 1000
100 91 1000
100 92 1000
100 93 1000
100 94 1000
100 95 1000
100 96 1000
100 97 1000
100 98 1000
100 99 1000
999